"","Symbol","time","subject","Residuals"
"1","PSMC3IP",0.16969120497785,0.161153616570698,0.669155178451452
"2","PDK1",0.495377062496976,0.110020602660509,0.394602334842515
"3","HIC1",0.161505594693738,0,0.838494405306262
"4","EXOC6B",0.217405252218232,0.409060733916153,0.373534013865616
"5","MAN1B1-DT",0.233934377767643,0.158392521238604,0.607673100993753
"6","SSPN",0.231171105236993,0.0416553009607187,0.727173593802288
"7","COL15A1",0.145859383823768,0.147107494710021,0.707033121466211
"8","ARL4A",0.199721376895458,0.438070836194539,0.362207786910004
"9","CCL2",0.171479553768683,0.237543574674631,0.590976871556685
"10","MT1E",0.341215798807608,0.237767179226695,0.421017021965697
"11","ZDHHC16",0.284509544135819,0.0124149708622023,0.703075485001979
"12","PPM1J",0.323532677307907,0.177656899735835,0.498810422956258
"13","SLAMF7",0.267574410828608,0.307613377396783,0.42481221177461
"14","PDZD2",0.37028075666005,0.302140639499992,0.327578603839958
"15","ZMYND12",0.115895750619851,0.0309312634190756,0.853172985961074
"16","SLC27A1",0.27890648087874,0.268086666180929,0.453006852940331
"17","CCDC9B",0.251206821934638,0.399465118695852,0.349328059369511
"18","HSP90AA1",0.30720588461595,0.408751828621244,0.284042286762806
"19","SEPT9",0.253564964390251,0.337753052422288,0.408681983187462
"20","APOM",0.179853244210285,0.132281090797207,0.687865664992508
"21","AP2A2",0.523756266979346,0.142720927384268,0.333522805636386
"22","COL13A1",0.0959148147259808,0.487125514235362,0.416959671038657
"23","DHODH",0.0821183661012591,0.0598564965258415,0.858025137372899
"24","SP110",0.281520323544468,0.259126067811909,0.459353608643623
"25","DUSP2",0.144588357848298,0.304358087891459,0.551053554260243
"26","STYXL1",0.313329292943918,0.28330704983834,0.403363657217743
"27","TRMT1L",0.187032578420758,0.335903370480439,0.477064051098803
"28","AR",0.204958184379379,0.494439490648462,0.300602324972159
"29","HNRNPH3",0.545134502096527,0.144864370941847,0.310001126961626
"30","OMA1",0.294838806654078,0.125740511668943,0.579420681676979
"31","MINPP1",0.184538668832801,0.408510388794941,0.406950942372258
"32","ATF7IP",0.368087050361848,0.438767837219429,0.193145112418723
"33","CMTM1",0.270902415651036,0.377816952756896,0.351280631592067
"34","PLA2G4A",0.0901083746350303,0.299522402058599,0.610369223306371
"35","PRR15L",0.131190125363328,0.563472486776323,0.305337387860349
"36","C1orf74",0.250638402728676,0.245975786532752,0.503385810738572
"37","IFRD1",0.314098388244012,0.172140044519909,0.513761567236079
"38","BCL3",0.214368652631805,0.462409014143034,0.323222333225161
"39","RBM4",0.162324392658699,0.0741156069097215,0.76356000043158
"40","ZNF767P",0.0702122879347633,0.00394683595183602,0.925840876113401
"41","JPT1",0.360078896309853,0.240446227946138,0.399474875744008
"42","CDR2",0.117137773179468,0.0853174925705883,0.797544734249944
"43","PLAU",0.33899191049832,0.327570261527713,0.333437827973967
"44","AQP1",0.239625309804999,0.250825778407576,0.509548911787425
"45","ELL3",0.591173308826454,0.210581216898677,0.198245474274869
"46","GPER1",0.338173629688022,0.238030905956508,0.42379546435547
"47","LDLR",0.366353384035661,0.14414814341731,0.489498472547029
"48","BRCA1",0.299503035346459,0.117120073048205,0.583376891605335
"49","POLA1",0.60517416795742,0.103639903113722,0.291185928928858
"50","MFAP1",0.118225483241294,0.146739577172447,0.735034939586259
"51","PCDHGA12",0.285842606562942,0.0223477433855059,0.691809650051552
"52","C2orf42",0.382240823149645,0.00850410645812577,0.609255070392229
"53","SH3BP5L",0.274488691160878,0.354906175666697,0.370605133172425
"54","GEMIN6",0.0924839424534057,0.070550922445042,0.836965135101552
"55","DHCR24",0.425048123228076,0.310053276565979,0.264898600205945
"56","ARG2",0.0957793062706912,0.188294764244763,0.715925929484546
"57","DAPK2",0.0589202402205213,0.148044652147914,0.793035107631565
"58","CHTF8",0.105908828595531,0.318411363569549,0.57567980783492
"59","TNC",0.0236896788282221,0.128196366091736,0.848113955080042
"60","ERO1A",0.328721478912501,0.334431016768686,0.336847504318814
"61","ING2",0.377518872879247,0.17514407134648,0.447337055774273
"62","F13A1",0.0379903734814321,0.181878926875687,0.780130699642881
"63","NT5C3B",0.106343610699148,0.270302514031724,0.623353875269128
"64","NT5DC3",0.132401455077953,0,0.867598544922047
"65","PMEPA1",0.35003929502562,0.0785625381149041,0.571398166859476
"66","HS3ST1",0.0780154379017298,0.331598128730313,0.590386433367957
"67","ZSCAN32",0.0790097684994145,0.15017124941091,0.770818982089675
"68","NFYB",0.105372991033281,0.12944713259472,0.765179876371999
"69","LRRC8C",0.34761897763878,0.187883071947584,0.464497950413635
"70","DDIT4",0.193003135953335,0.156678082214408,0.650318781832258
"71","LRRC56",0.29787508885855,0.317410184526614,0.384714726614836
"72","RIBC2",0.129392541667543,0.281329733318871,0.589277725013586
"73","APCDD1",0.282375925703088,0.0244748321877941,0.693149242109118
"74","CYP4B1",0.61779930769548,0.19158693676502,0.1906137555395
"75","ACTR3",0.475164709335231,0.222682243943533,0.302153046721237
"76","SAP30",0.114471215094862,0.224829142783018,0.660699642122119
"77","C17orf80",0.0735377688134336,0.00164691995690718,0.924815311229659
"78","DPH5",0.185741967952132,0.13855045396672,0.675707578081148
"79","PDK4",0.179572119979976,0.23782056019219,0.582607319827834
"80","RGS2",0.110007722368643,0.153691101535815,0.736301176095542
"81","COL1A2",0.097007591788338,0.344714152734687,0.558278255476975
"82","ZNF485",0.311977426217054,0.138388620992432,0.549633952790514
"83","RAD52",0.375374674450021,0.048323571406494,0.576301754143485
"84","INTS13",0.053539039701202,0.0057167524593571,0.940744207839441
"85","MAF",0.441512586489447,0.228958939339401,0.329528474171152
"86","IRX4",0.15762209425249,0.474258059627735,0.368119846119776
"87","CCDC142",0.325901320874938,0.167147171028014,0.506951508097048
"88","DXO",0.144812377864368,0.0983325611587976,0.756855060976834
"89","EZR",0.330568806733842,0.334980725844943,0.334450467421215
"90","DPF3",0.108222610074854,0.235945856979435,0.655831532945712
"91","NR4A3",0.130247538593042,0.46126117689731,0.408491284509648
"92","LINC02076",0.159499630244575,0.0918192690413142,0.748681100714111
"93","KCTD1",0.450436814184594,0.216281660344137,0.333281525471269
"94","TFRC",0.311899872953872,0.224628205652083,0.463471921394045
"95","FANCL",0.397917426903952,0.106762279042148,0.495320294053899
"96","NECTIN3",0.212348586955862,0.190707850192025,0.596943562852114
"97","JRKL",0.0988053398857481,0.260195631536718,0.640999028577534
"98","TMEM63A",0.385556446537127,0.152780483563834,0.461663069899039
"99","GHRL",0.262479146949725,0.149217985158422,0.588302867891853
"100","HPX",0.0813548564944963,0.491895518104948,0.426749625400555
"101","ANKRD13B",0.100930336361621,0.105119724663572,0.793949938974807
"102","RIPK3",0.0908740461511324,0.291508403874116,0.617617549974752
"103","CNTNAP3P2",0.360661175309548,0.042884568151929,0.596454256538523
"104","WDFY4",0.10158990791397,0.180852892052596,0.717557200033434
"105","MOSPD2",0.0682820895522808,0.476662187008928,0.455055723438792
"106","ORAI3",0.149733901034571,0.494003881324841,0.356262217640588
"107","RAB27A",0.243508117458042,0.128455830160027,0.628036052381931
"108","FLCN",0.218807730006133,0.150212825624928,0.630979444368939
"109","C4orf36",0.244591849836509,0.224118406537745,0.531289743625745
"110","ADAMTS1",0.209702966961801,0.0789110912395396,0.711385941798659
"111","FAM24B",0.269185479177796,0.0624672109957796,0.668347309826425
"112","ZNF528",0.159235724070601,0.118562889708897,0.722201386220502
"113","GJA1",0.326109045433705,0.159674126219725,0.51421682834657
"114","TLR5",0.332955180847155,0.0843103717551971,0.582734447397648
"115","NSMCE1",0.0561927039214306,0.157821750043491,0.785985546035078
"116","IQCN",0.309492371667075,0.346675002947242,0.343832625385683
"117","SCAMP5",0.102642166815197,0.132313854276585,0.765043978908218
"118","PIGF",0.49195113392708,0.0523948700694583,0.455653996003462
"119","CHST3",0.155583429503102,0.234377631247725,0.610038939249173
"120","SCLY",0.271283384008391,0.142711358294115,0.586005257697495
"121","XKRX",0.151137580173484,0.128412297555918,0.720450122270597
"122","C1QTNF3",0.15881125842995,0.0205022038876749,0.820686537682375
"123","ACYP1",0.261231683660291,0.0257475522175244,0.713020764122184
"124","EYA2",0.0698191114163267,0.597779404738859,0.332401483844814
"125","TRNAU1AP",0.0691357595735808,0.135531423469371,0.795332816957048
"126","SLAMF8",0.226817030863241,0.224033149532116,0.549149819604642
"127","LAMP3",0.121050579935372,0.532445299688419,0.346504120376208
"128","KBTBD3",0.0970493774271002,0.0374034449441128,0.865547177628787
"129","CNGA1",0.267080940292823,0.189008976674596,0.543910083032581
"130","MAGEH1",0.150889479842996,0.051303135225965,0.797807384931039
"131","ITPRIP",0.191536810867052,0.32793461141989,0.480528577713058
"132","RAB4B",0.124706423880123,0.137309487652414,0.737984088467463
"133","UBE2T",0.0979502770113777,0.0976414064670459,0.804408316521576
"134","LRTOMT",0.054900216269211,0.0948217267459541,0.850278056984835
"135","CAD",0.0972680644706171,0.191841640073376,0.710890295456007
"136","VWF",0.129387137193883,0.0198881908362105,0.850724671969907
"137","TMEM138",0.0565962955758662,0.163351089403348,0.780052615020786
"138","SORCS2",0.0867589369175481,0.464292938399373,0.448948124683079
"139","UBXN8",0.139503347805712,0.117429012068458,0.74306764012583
"140","TTC39A",0.15004569846005,0.0256962371650201,0.82425806437493
"141","TIMELESS",0.0984190161547101,0.077964047565886,0.823616936279404
"142","MED18",0.0368561591654176,0.2664436110798,0.696700229754782
"143","ADK",0.550588740175713,0.00798415057187766,0.441427109252409
"144","GAL3ST4",0.241273321478414,0.30129601407477,0.457430664446816
"145","EPHA1",0.146408705720057,0.290387466225525,0.563203828054418
"146","HAS3",0.353076555531743,0.165495362227944,0.481428082240313
"147","BRD8",0.465241302860536,0.129984470305752,0.404774226833712
"148","MT1F",0.138301374736282,0.186972217723449,0.674726407540269
"149","KCNN4",0.372497858945334,0.273250581172337,0.354251559882328
"150","DOCK4",0.0522433127918468,0.385692872411913,0.56206381479624
"151","MPI",0.137650761233087,0.213938652116127,0.648410586650786
"152","ARHGEF16",0.18147884987288,0.110764311794701,0.707756838332419
"153","TIGD7",0.39458331660752,0.255724981271684,0.349691702120796
"154","PLEKHA1",0.475946586852476,0.196740806531065,0.327312606616458
"155","LINC00339",0.0441840745470735,0.196981838202799,0.758834087250127
"156","MYB",0.358648473108601,0.207823434834848,0.433528092056552
"157","SLC16A13",0.46222943416935,0.245473005770098,0.292297560060552
"158","IPO13",0.122919527671737,0.27001414351287,0.607066328815393
"159","TTC32",0.567544093377585,0.205437706957175,0.22701819966524
"160","ZMYM1",0.0657620099284423,0.333678194847503,0.600559795224055
"161","DCLRE1A",0.125273433132938,0.10611435955821,0.768612207308852
"162","RAB11FIP3",0.322818206044979,0.310301973625712,0.366879820329308
"163","VILL",0.301592131760241,0.14828706261629,0.550120805623469
"164","ACCS",0.0812266418858022,0.376237182697498,0.542536175416699
"165","KLF9",0.226044456178767,0.379824821640982,0.394130722180251
"166","NAGA",0.0621865069563369,0.0886281479445505,0.849185345099113
"167","FZD10",0.433888712782228,0.247429490917887,0.318681796299885
"168","ZNF550",0.028197580074213,0.108267569594,0.863534850331787
"169","HSPD1",0.357094582241874,0.183189962634241,0.459715455123885
"170","KRCC1",0.044532637884632,0.205716065581276,0.749751296534092
"171","NAIP",0.0737659560627049,0.654806631073361,0.271427412863934
"172","KLHL35",0.161035627582013,0.232636154636035,0.606328217781952
"173","IPMK",0.266597474476453,0.121886459027242,0.611516066496305
"174","ASB2",0.150892126303921,0.153164574755678,0.695943298940401
"175","CCDC22",0.0256723540988168,0.024980306143138,0.949347339758045
"176","JUNB",0.0596459053300042,0.268704377526903,0.671649717143093
"177","TGFB1",0.160597934818987,0.360759160514071,0.478642904666941
"178","MET",0.375047736921819,0.188429077237908,0.436523185840273
"179","SYNE4",0.232482057660067,0.154573388910504,0.612944553429429
"180","EGR1",0.30049448780653,0.0515947300561637,0.647910782137306
"181","UBL7",0.133630934804051,0.0660541721935826,0.800314893002366
"182","A2M",0.0949259897979498,0.198034135744891,0.70703987445716
"183","MT1M",0.306450431697107,0.346706813881986,0.346842754420908
"184","DTL",0.100024581125466,0.140693441877758,0.759281976996776
"185","GLIPR1L2",0.265759828927322,0.262658324695438,0.47158184637724
"186","SEPT8",0.146147049624145,0.240527859951597,0.613325090424258
"187","SLC6A10P",0.0952329866615746,2.48249238037527e-15,0.904767013338423
"188","HNRNPLL",0.219275834913057,0.0478446898488266,0.732879475238117
"189","BCDIN3D",0.304730802018932,0.120726458660066,0.574542739321002
"190","KYAT1",0.122357277613931,0.198183684712776,0.679459037673292
"191","ZNF449",0.0968031483754373,0.182727508688975,0.720469342935587
"192","SLC39A10",0.193109951606763,0,0.806890048393237
"193","GARNL3",0.101752206812249,0.00278983106602565,0.895457962121726
"194","EFCC1",0.0904550873066446,0.141175575231493,0.768369337461862
"195","ASPA",0.148233635764737,0.310462629067891,0.541303735167372
"196","DET1",0.377119009180088,0,0.622880990819912
"197","HIST1H1D",0.289413602633786,0.400473957784843,0.310112439581371
"198","IL1RL2",0.213511428166158,0.176042549614475,0.610446022219366
"199","HENMT1",0.355673614846333,0.230952809987979,0.413373575165689
"200","CNTNAP3",0.543199847031479,0.114599196183451,0.34220095678507
"201","TMCC2",0.208653623037826,0.282098688910263,0.509247688051911
"202","C10orf95",0.167422927374388,0.123420812359549,0.709156260266063
"203","NECTIN1",0.464278189681446,0.278368419498434,0.257353390820121
"204","TEF",0.13204525021599,0.258340030794115,0.609614718989894
"205","SLC16A10",0.221875026161703,0.206144353655528,0.571980620182769
"206","TEX261",0.166461914854779,0,0.833538085145221
"207","IGSF9",0.403436725996589,0.188459063887835,0.408104210115576
"208","GNG11",0.0765786792161162,0.283600756584091,0.639820564199793
"209","CSTF2",0.435948814254927,0.0976957591924706,0.466355426552602
"210","CHRNA10",0.237468569439816,0.0931434776407944,0.66938795291939
"211","ITFG2",0.0909027270518834,0.0263853904514504,0.882711882496666
"212","QPRT",0.142185452426368,0.377428135571383,0.48038641200225
"213","BTD",0.146227904305808,0.267286251021664,0.586485844672528
"214","C1orf210",0.0433768433217864,0.0357167776761799,0.920906379002034
"215","ZNF436-AS1",0.17584250232653,0.160249568199955,0.663907929473515
"216","GINS2",0.121152972526606,0.215946322967864,0.66290070450553
"217","C1R",0.130331061690504,0.0655509685170176,0.804117969792478
"218","LINC00174",0.20708890160533,0.211038335532461,0.581872762862209
"219","MPEG1",0.106006242132138,0.33618484883616,0.557808909031702
"220","ZBTB16",0.63621234513518,0.0414053684293961,0.322382286435424
"221","PDGFRA",0.0136679875246778,0.000184935564353624,0.986147076910969
"222","ZBTB2",0.213366409000158,0.235938542819824,0.550695048180018
"223","STX1A",0.325484650658334,0.0206297522172468,0.653885597124419
"224","FAM221A",0.231309655467012,0.215838736409147,0.552851608123841
"225","RAD51D",0.136808807101221,0.0866034096810029,0.776587783217776
"226","TAPT1",0.182314437602244,0.35268781664265,0.464997745755106
"227","KLF2",0.350016592165625,0.132881160991542,0.517102246842833
"228","FAM124B",0.287987082146389,0.0536140603754855,0.658398857478126
"229","MTFP1",0.162813427892589,0.147219666947295,0.689966905160116
"230","ZMYND8",0.129876860735681,0.207460736080294,0.662662403184024
"231","TMOD4",0.0198496731832794,0,0.980150326816721
"232","MGAT4A",0.297173432646931,0.0478007984282332,0.655025768924836
"233","RCCD1",0.181873667359651,0.254039900687834,0.564086431952515
"234","MKKS",0.102508506123732,0,0.897491493876268
"235","C5",0.25879965329967,0.184414224850774,0.556786121849556
"236","PLEKHO2",0.0821161362741414,0,0.917883863725859
"237","CLEC3B",0.348013400225534,0.154265650990095,0.497720948784371
"238","DEFB103B",0.153891385749035,0.403004213823731,0.443104400427234
"239","HCAR2",0.0991007961997413,0.102952960433226,0.797946243367033
"240","ZNF559",0.115512346160091,0.292845651264261,0.591642002575648
"241","B3GNT3",0.0628099214283848,0.714271008027405,0.22291907054421
"242","SRSF7",0.304257442112522,0.177659280244973,0.518083277642504
"243","ELF3",0.100102204093277,0.318713943779813,0.58118385212691
"244","NCDN",0.0896906614315374,0.147182708188707,0.763126630379755
"245","DUSP1",0.473854413141382,0.163847048998876,0.362298537859742
"246","NPR2",0.148965608777887,0.315329379887472,0.535705011334642
"247","DBP",0.275742530084731,0.266437687837799,0.45781978207747
"248","PER3",0.491571483002562,0.0328130931255001,0.475615423871938
"249","NUDT13",0.169878850277817,0.0614665482905937,0.76865460143159
"250","TRMT13",0.0806142466490668,0.143369150252576,0.776016603098357
"251","NFE2",0.162994056698202,0.279842988148723,0.557162955153075
"252","PGAM5",0.121423957405455,0.0310792606496174,0.847496781944927
"253","EFNB3",0.143622058416303,0.275699218154722,0.580678723428975
"254","FANCC",0.263311817659692,0.0141123904757391,0.722575791864568
"255","CHIC2",0.1393989623557,0.255369312460216,0.605231725184084
"256","FMOD",0.0729907381007982,0.431672763282664,0.495336498616537
"257","PABPC1L",0.320449266270146,0.14427962478402,0.535271108945834
"258","CAMTA2",0.144222213646602,0,0.855777786353398
"259","TTC22",0.0817538308596399,0.54227361883213,0.37597255030823
"260","DUOX2",0.301775760005249,0,0.698224239994751
"261","TRMT10B",0.111655279753327,0.262824029651259,0.625520690595414
"262","OGG1",0.346395026742779,0.143204200930813,0.510400772326408
"263","CCL26",0.155366905511428,0.200442253775927,0.644190840712645
"264","SUOX",0.120072673354531,0.321764842349497,0.558162484295972
"265","RRAD",0.142363701457041,0.133915880928232,0.723720417614727
"266","ZNF701",0.22503185319788,0.0721195695655132,0.702848577236607
"267","ACTG1",0.166746229761417,0.432507621463472,0.400746148775111
"268","HSCB",0.0850908530035324,0.107797536757135,0.807111610239333
"269","LIMA1",0.0989358488905581,0.216797203952123,0.684266947157319
"270","ARIH2OS",0.0419869251124599,0.0924414904793677,0.865571584408173
"271","ENO2",0.269868504864757,0.325831373026159,0.404300122109085
"272","TAF1A",0.160403415602897,0.101250960582731,0.738345623814372
"273","FZD5",0.109932283256148,0.0625159061367479,0.827551810607104
"274","GLRX",0.104699851523485,0.467467783607227,0.427832364869288
"275","IGFBP3",0.130943113251517,0.329169023872967,0.539887862875516
"276","TRPV6",0.154178570927628,0.469960644322579,0.375860784749793
"277","NABP1",0.501716812326668,0.0533802606825665,0.444902926990765
"278","WNT10B",0.315756349607562,0.201247122631538,0.4829965277609
"279","AKNA",0.00810441337169556,0,0.991895586628304
"280","GABPB1",0.356780179712202,0.0642978571007723,0.578921963187026
"281","CSF1R",0.153242901176514,0.604660133553916,0.24209696526957
"282","THG1L",0.214832002156651,0.399368565841049,0.385799432002299
"283","CA2",0.356346147107177,0.465687091648396,0.177966761244427
"284","CD1A",0.110330596448177,0.52868822955842,0.360981173993402
"285","ZNF132",0.142034444809793,0.471849516375351,0.386116038814856
"286","TMEM100",0.086828835234579,0.125136398975909,0.788034765789512
"287","PDCD2",0.393492307006933,0.319548774794038,0.28695891819903
"288","ZRANB2",0.425441726616953,0.123056738557062,0.451501534825986
"289","RAET1E",0.249285854881222,0.3829220435472,0.367792101571579
"290","P2RY2",0.519189423308426,0.212089079734135,0.268721496957439
"291","GCDH",0.112239418263335,0.132064421912538,0.755696159824128
"292","CDKN2B",0.221896572201946,0.322212418576644,0.45589100922141
"293","C1QTNF7",0.205956476716289,0,0.794043523283711
"294","RAD50",0.224504074343239,0.218984782945522,0.556511142711238
"295","METTL21A",0.117406040582728,0,0.882593959417272
"296","ADRB2",0.43766219672929,0.141102630911091,0.421235172359619
"297","PER1",0.39440929450115,0.194567106249589,0.411023599249261
"298","GLS",0.530702526682734,0.125854620808379,0.343442852508887
"299","ZDHHC7",0.056393286563875,0.128572002012206,0.815034711423919
"300","PFKP",0.452145029915843,0.372478554255997,0.17537641582816
"301","RNF150",0.0586243442395203,0.095569654099534,0.845806001660946
"302","CEP19",0.131608578390056,0.0439696303316885,0.824421791278256
"303","CCT5",0.0899516834846109,0.135136052701813,0.774912263813576
"304","PTAFR",0.12349597911277,0.290804548531598,0.585699472355632
"305","NPAS2",0.368768310138347,0.14493778731066,0.486293902550993
"306","DEF6",0.167509856407989,0.348937993918796,0.483552149673215
"307","RNF112",0.309139401385534,0.323254966145672,0.367605632468794
"308","ALG2",0.0224780653750602,0.0166456819853868,0.960876252639553
"309","C11orf58",0.610493382209791,0.07478158432079,0.314725033469419
"310","RTP4",0.067415573911934,0.134114905029743,0.798469521058323
"311","TBL1X",0.279992005438814,0.0302390661566024,0.689768928404583
"312","ZBTB49",0.0868428323106035,0.354182711207701,0.558974456481695
"313","HIST2H2AA4",0.160641990366619,0.419811440274652,0.419546569358728
"314","LOC102724951",0.043255064299428,0.644581252132383,0.31216368356819
"315","PHYKPL",0.313359229188352,0,0.686640770811648
"316","DNAJC18",0.0683080402176494,0,0.931691959782351
"317","AUTS2",0.341663343976547,0.39690102430228,0.261435631721173
"318","NAV3",0.120515790786514,0.298138896266175,0.581345312947311
"319","TTC23",0.139524151591981,0.049402750912001,0.811073097496018
"320","NEDD4L",0.165519215768593,0.0338923370498227,0.800588447181584
"321","CXCL12",0.191568861285691,0.18650661756237,0.621924521151939
"322","KDM3A",0.136181996141905,0.0785361798605417,0.785281823997553
"323","ZSCAN29",0.103682532927786,0.0311447507094644,0.865172716362749
"324","PPP2R5B",0.272070735410605,0.207487435373914,0.520441829215482
"325","HMGCR",0.54107318693232,0.0953951949547524,0.363531618112927
"326","NFYA",0.472900910802422,0.0102744540489794,0.516824635148598
"327","FAM161B",0.272729924137349,0.0406195933960599,0.686650482466591
"328","RPUSD3",0.329674185002525,0.3008033293222,0.369522485675275
"329","TRPV4",0.192929244601073,0.453647439773163,0.353423315625764
"330","TUBGCP3",0.376113194565647,0.115674310744071,0.508212494690283
"331","PSPH",0.0504082070706733,0.848977920728784,0.100613872200543
"332","CES4A",0.144894639569438,0.273509402847799,0.581595957582764
"333","ADAM22",0.127624171534629,0,0.872375828465371
"334","COQ5",0.167442384132091,0.140051170212825,0.692506445655084
"335","WDR77",0.23643293775292,0.0160584457443866,0.747508616502693
"336","LINC01547",0.0829565204666695,0,0.917043479533331
"337","TMEM98",0.0735542192138779,0.426614404644153,0.499831376141969
"338","TMTC1",0.119118863386515,0.172166428590537,0.708714708022948
"339","H3F3B",0.338671785743121,0.11797638219241,0.543351832064468
"340","NKD2",0.326599585809214,0.449682382034187,0.223718032156599
"341","HSPA5",0.398273412753094,0.252339959119233,0.349386628127673
"342","HDAC5",0.290613103052187,0.381131889273493,0.32825500767432
"343","ZNF222",0.251944071076946,0.0750143052730474,0.673041623650007
"344","LAMB4",0.267465938256884,0.173252813748853,0.559281247994263
"345","PHLDA2",0.259016313063781,0.0894196364678382,0.651564050468381
"346","ERF",0.0234251833736847,0.432831885694865,0.54374293093145
"347","GPR171",0.0597325151100643,0.33260664173693,0.607660843153005
"348","TBC1D1",0.306936086521641,0.0492592827852062,0.643804630693153
"349","DCD",0.157545792911335,0.439341307944352,0.403112899144312
"350","RXRB",0.0261296731683445,0.204878260739815,0.76899206609184
"351","ZNF438",0.0685425856771431,0.00219541230917284,0.929262002013684
"352","CYBRD1",0.152781403872198,0.592842140949273,0.254376455178528
"353","MCAM",0.00487771495845875,0.0496600620538296,0.945462222987712
"354","ABHD3",0.137248143163725,0.154116912710638,0.708634944125637
"355","SLC24A1",0.14929946201248,0.0538029543084779,0.796897583679042
"356","FN1",0.0688221576554737,0.179476752761902,0.751701089582624
"357","TMEM116",0.458190966608914,0.312216785296684,0.229592248094402
"358","TTC7B",0.184458362374802,0.484358539616296,0.331183098008901
"359","EVL",0.523752788103861,0.186592257835718,0.289654954060421
"360","NSUN5P1",0.334883322891141,0.189115130076428,0.47600154703243
"361","TMEM8B",0.512164847256867,0.144782734443963,0.34305241829917
"362","ANGEL1",0.163820049882838,0.150423735173837,0.685756214943325
"363","ADCY4",0.331522326866861,0.255780414503867,0.412697258629272
"364","PKNOX1",0.260247543103874,0.17545517269344,0.564297284202686
"365","CLUAP1",0.0914423503087741,0.0922314979100648,0.816326151781161
"366","IRX6",0.0869262876678432,0.104223648495135,0.808850063837021
"367","HYKK",0.133806640810025,0.124832495702136,0.741360863487839
"368","ZBTB47",0.447846827924777,0.326017854257909,0.226135317817314
"369","ROR1",0.408735908786872,0.184399200941884,0.406864890271244
"370","NRIP3",0.0340535813941022,0.00127984767029607,0.964666570935602
"371","ZFHX2",0.442543887560026,0.0382767600047751,0.519179352435199
"372","ZKSCAN4",0.0577600391262101,0,0.94223996087379
"373","NEK1",0.215216806449862,0.0223624827028664,0.762420710847271
"374","SPARCL1",0.0845906049044869,0.188061526331335,0.727347868764178
"375","JPT2",0.44668131984337,0.0574465371609344,0.495872142995696
"376","TNFAIP2",0.0525202707996129,0.724674018632167,0.22280571056822
"377","GJB2",0.135313751637185,0.15050939381126,0.714176854551556
"378","DIRAS3",0.0538198812104514,0.116217430102683,0.829962688686866
"379","SEC22C",0.0775621854302279,0.198740298115913,0.723697516453859
"380","LRRC39",0.372799922918534,0.159625231351529,0.467574845729938
"381","IFRD2",0.428015564176001,0.240277309918801,0.331707125905199
"382","LAMC2",0.482500294620985,0.215337953512736,0.302161751866279
"383","ATP6V1E2",0.387207904343738,0.110917368270923,0.501874727385339
"384","GAMT",0.0952681548958779,0.350677802193983,0.554054042910139
"385","FUT2",0.091534835018345,0.541958779775772,0.366506385205883
"386","ARFRP1",0.134428955223625,0.36084724014534,0.504723804631036
"387","CHD1",0.21320624970109,0.252484284820278,0.534309465478632
"388","AP4B1",0.118870994732362,0.163906675909434,0.717222329358205
"389","ZNF540",0.129039900469988,0,0.870960099530012
"390","DCLRE1C",0.196150169413433,0.180924186463802,0.622925644122766
"391","TRMT10A",0.263730814804896,0.157473900814868,0.578795284380235
"392","HEXIM2",0.303597087952043,0.338787954690433,0.357614957357524
"393","LUM",0.0640200722249979,0.22685725292039,0.709122674854612
"394","MED16",0.0829606053193595,0.130446483594837,0.786592911085804
"395","TMEM206",0.130343801855391,0.0407985465509912,0.828857651593617
"396","CHKA",0.304112466946167,0.0753263313669778,0.620561201686855
"397","SLX4IP",0.249980900449551,0.12376883589136,0.626250263659089
"398","CYHR1",0.557965537964944,0.0863105757932471,0.355723886241809
"399","ZDHHC23",0.100556446365354,0.292696731879939,0.606746821754707
"400","FOXN3-AS1",0.523163889815571,0.022373608192204,0.454462501992225
"401","TRIQK",0.128423158057379,0.0708850098968459,0.800691832045775
"402","SLC25A4",0.245815447890964,0.468330765984662,0.285853786124374
"403","PER2",0.250445613614489,0.0778121186695897,0.671742267715921
"404","GUCA1B",0.141996485598498,0.509530939623171,0.348472574778331
"405","DNASE2",0.0184092361855983,0.329587992687021,0.652002771127381
"406","IRS2",0.225358626228055,0.356600948507069,0.418040425264876
"407","CALM1",0.14132027423489,0.0356826060260729,0.822997119739037
"408","PDE4DIP",0.0746098165842657,0.176368222587626,0.749021960828108
"409","ABLIM2",0.241895400550659,0.309208272791621,0.44889632665772
"410","ZCWPW1",0.315661301551359,0.226008703900707,0.458329994547934
"411","ST6GAL1",0.0924963255960085,0.345392349781252,0.56211132462274
"412","DNAL1",0.0960528502356387,0.184402097438004,0.719545052326357
"413","RAD23B",0.419471996620779,0.256266376639264,0.324261626739957
"414","PFN2",0.0604017004404637,0.490711774843093,0.448886524716443
"415","CIART",0.435322413186901,0.265638041709648,0.299039545103451
"416","EMID1",0.129011102789128,0.0576134115493912,0.813375485661481
"417","TNFAIP8L2",0.173482965661637,0.445753302237778,0.380763732100584
"418","ANKAR",0.122340710086543,0.0219935890176456,0.855665700895811
"419","ATF3",0.259760458599322,0.0443781300431479,0.69586141135753
"420","ELOVL6",0.212197289039812,0.354970296736846,0.432832414223342
"421","FAM107B",0.253004939426414,0.394697644809149,0.352297415764437
"422","APTX",0.544941280714718,0.0360710012861738,0.418987717999108
"423","TMEM186",0.0253187831122846,0.0157327035806769,0.958948513307039
"424","CSRNP2",0.0112847587267625,0.102817608255259,0.885897633017979
"425","BCS1L",0.290425470583814,0.0702945444383171,0.639279984977869
"426","LETMD1",0.133399292012048,0.123969038574235,0.742631669413716
"427","LUZP1",0.0957188941716737,0.297665135640124,0.606615970188202
"428","CYP2C18",0.391318282910322,0.303198135594455,0.305483581495223
"429","ZNF513",0.0846828712109403,0.217055469503533,0.698261659285527
"430","ZNF234",0.255180326466716,0.313316531527156,0.431503142006128
"431","TEK",0.0357409252772211,0.0102157678209056,0.954043306901873
"432","BMPR2",0.212945057181672,0.183534680884525,0.603520261933803
"433","FUT8",0.391576503408921,0.00592414200593394,0.602499354585145
"434","RPH3AL",0.276256977703568,0.296544854887568,0.427198167408864
"435","PIGO",0.12537188230485,0.0122871423170713,0.862340975378079
"436","RECQL5",0.413263687873606,0.26932887513339,0.317407436993003
"437","LEAP2",0.133454287940249,0.247531636259704,0.619014075800048
"438","COL8A2",0.233507718014722,0.242584473585738,0.52390780839954
"439","ZC3HC1",0.158376111800881,0.0770057258390264,0.764618162360093
"440","ORM1",0.216833817769989,0.431768650464071,0.351397531765941
"441","NIT1",0.319278011393526,0.176041724940955,0.504680263665519
"442","NPAS1",0.210326501832564,0.421001592347498,0.368671905819938
"443","FUT3",0.0855765461603792,0.318166312369339,0.596257141470282
"444","GABRE",0.429860254954739,0.148905535716938,0.421234209328323
"445","TBCK",0.247977028404119,0.140284611228779,0.611738360367102
"446","TUBG1",0.0214981224184897,0,0.97850187758151
"447","LMO4",0.166989336510681,0.345673040144763,0.487337623344556
"448","PRG2",0.140247440350681,0.132317135930648,0.727435423718671
"449","GALT",0.202896015944327,0.301639843526035,0.495464140529638
"450","SLC24A3",0.339292563746047,0.297937253258522,0.362770182995431
"451","CTSK",0.45261993824744,0.25298898359434,0.294391078158219
"452","TRIM68",0.251371805961963,0.164982122372716,0.583646071665321
"453","ARHGAP25",0.0912348120715076,0.332938319706059,0.575826868222433
"454","PCDHGB2",0.204372080914617,0.0350674153516992,0.760560503733684
"455","HCN3",0.140443699600354,0.193747226896233,0.665809073503413
"456","FBLN1",0.237166598312976,0.365824700293721,0.397008701393303
"457","LRIF1",0.138735405892377,0.252619719639821,0.608644874467802
"458","THBD",0.383727509788524,0.190144478402462,0.426128011809014
"459","DCP2",0.0667844204613896,0.128834099821482,0.804381479717128
"460","LRP4",0.287149992889187,0.363383054423109,0.349466952687705
"461","ZNF70",0.150654204723946,0.152091444879543,0.697254350396511
"462","FBXL14",0.0770733836448113,0.0118704182968933,0.911056198058295
"463","IL10RB",0.0372598640998691,0.169126560175337,0.793613575724794
"464","KCNJ13",0.0850959952308327,0.330095874463582,0.584808130305585
"465","MT1L",0.31089186998584,0.246088053842048,0.443020076172112
"466","VCX2",0.163023044478297,0.444532913183028,0.392444042338675
"467","MGP",0.0683240573782233,0.0858008000275615,0.845875142594215
"468","CSKMT",0.471594464196607,0.0253988917185705,0.503006644084823
"469","RBBP8NL",0.116236511375063,0,0.883763488624937
"470","SEC14L2",0.0995028703827903,0.0924312921459489,0.808065837471261
"471","KLF7",0.0971424703471983,0,0.902857529652802
"472","TFCP2",0.398547341020056,0.323023779516931,0.278428879463013
"473","CKS2",0.199419055058448,0.0420843613390503,0.758496583602502
"474","CEP162",0.0413316647150767,0.0436068353659824,0.915061499918941
"475","NGEF",0.516067977399734,0.144457536371689,0.339474486228577
"476","HSPA14",0.58968133982012,0.0621750956761065,0.348143564503773
"477","HS2ST1",0.0722428435164442,0.206691097358276,0.72106605912528
"478","FJX1",0.253655059274306,0.225665153017663,0.520679787708031
"479","FLRT2",0.41726047298298,0.00986249870378434,0.572877028313236
"480","TP53BP1",0.396419303789073,0.373584943909117,0.22999575230181
"481","RFX3",0.323228858934182,8.35189659054187e-18,0.676771141065818
"482","PRELID3A",0.04979567886214,0.139308765246036,0.810895555891824
"483","B3GNTL1",0.204138624483633,0.0898388369888724,0.706022538527494
"484","TUBGCP6",0.0932423861193633,0.192161749961851,0.714595863918786
"485","SNHG20",0.121390444728283,0.169304606000203,0.709304949271514
"486","ZNF248",0.149679893778734,0.16388773030096,0.686432375920306
"487","SLC5A6",0.110575392025647,0.178520246201039,0.710904361773315
"488","ABCC5",0.362969776125407,0.26895848233964,0.368071741534953
"489","UBTF",0.343472613287955,0.272831600900231,0.383695785811814
"490","USP31",0.144168151320861,0,0.855831848679139
"491","CASP4",0.515552251910954,0.127630099172543,0.356817648916502
"492","NNMT",0.171946890350296,0.2111631138079,0.616889995841803
"493","MOSMO",0.163160797995356,0.0346548398064109,0.802184362198233
"494","NEFH",0.0911149453287887,0.154968095657788,0.753916959013424
"495","PLA2G4F",0.128519185829568,0.445285501978364,0.426195312192068
"496","IL1F10",0.0569155814058342,0.356164179614086,0.58692023898008
"497","VLDLR",0.347368059253736,0.185078695382617,0.467553245363647
"498","ADAMTS14",0.0434402524311373,0.42828918591297,0.528270561655893
"499","HYAL3",0.147503378843289,0.548909905661995,0.303586715494717
"500","DTX3",0.0881300180512925,0.100278514340858,0.811591467607849
"501","RFX5",0.153902032787794,0.162024362408855,0.684073604803351
"502","TSEN2",0.167720819748345,0.0611686734377072,0.771110506813948
"503","B9D1",0.244880704260822,0.129618380080648,0.62550091565853
"504","ARHGAP15",0.0578248417813806,0.0436650867038881,0.898510071514731
"505","TIMP3",0.0457254021674235,0.438777863873871,0.515496733958706
"506","S100A9",0.0331856223855757,0.137992786310149,0.828821591304275
"507","C1QC",0.125012501052017,0.0572688596421044,0.817718639305878
"508","ACSL3",0.17010428545684,0.331565875230495,0.498329839312665
"509","LAMC1",0.305302700842169,0.0805672641697546,0.614130034988076
"510","RIC3",0.343298895616245,0.100031623565278,0.556669480818477
"511","TRPV2",0.119861684083441,0.589243019156262,0.290895296760297
"512","PLPBP",0.340699167757205,0.168753671444736,0.49054716079806
"513","GMPR2",0.425984757638588,0.201174076109007,0.372841166252405
"514","MYOM3",0.0927524487791204,0.440874785902849,0.466372765318031
"515","CFHR3",0.122282435818024,0.124721004116751,0.752996560065225
"516","CARD16",0.383103122517262,0.243283892079697,0.373612985403042
"517","IL17RD",0.100864567969746,0.202503497732591,0.696631934297663
"518","CLMN",0.0636767578597069,0.343639119229394,0.592684122910899
"519","NUDT4",0.214620644433077,0.308038941559077,0.477340414007845
"520","FES",0.11641903537504,0.294259591469292,0.589321373155668
"521","WDR92",0.15337731969758,0.270626599687107,0.575996080615312
"522","SOCS2",0.178541710300673,0.176760363796821,0.644697925902506
"523","SMG9",0.178468386488643,0.420175481570342,0.401356131941016
"524","ZNF354C",0.0533129643800544,0.0571673534834062,0.889519682136539
"525","NREP",0.28058445369569,0.174505953487628,0.544909592816682
"526","COQ8B",0.0993232463473572,0.171254559677953,0.72942219397469
"527","FAM84B",0.0971124054875247,0.283842061759802,0.619045532752674
"528","RIMS3",0.138136724736512,0.167000462586643,0.694862812676845
"529","PPP1R32",0.0404616452902665,0.0833498861375255,0.876188468572208
"530","ANKRD36B",0.472700013240697,0.19862306612979,0.328676920629513
"531","BRD3OS",0.337048576062991,0.145222032546385,0.517729391390624
"532","EPN3",0.132234219348652,0.426781427624349,0.440984353026999
"533","ZKSCAN7",0.293936503129445,0.0968267538683251,0.60923674300223
"534","EXOSC7",0.312746623005406,0.116615047519579,0.570638329475015
"535","LINC01003",0.0778979797568326,0.0691004494348744,0.853001570808293
"536","ATP1A1-AS1",0.348450514074991,0.0142185271509426,0.637330958774067
"537","ARL8A",0.466863360358221,0.214760045312657,0.318376594329121
"538","DUSP6",0.237159751974669,0.0864821667865661,0.676358081238765
"539","ANKRD20A2",0.140414381362362,0.465145750460696,0.394439868176942
"540","NUDT3",0.258227785680048,0.0811663926534519,0.6606058216665
"541","ITCH",0.350494483372136,0.233971158752194,0.41553435787567
"542","CENPJ",0.222591980196342,0.113740872910156,0.663667146893503
"543","EEF1AKMT1",0.200336026487666,0.163262374676804,0.63640159883553
"544","TMEM104",0.146610135379856,0.0437507236549866,0.809639140965157
"545","TRIM5",0.273291976496873,0.0871387866180824,0.639569236885045
"546","IER3",0.0840668973865529,0.20037545262718,0.715557649986267
"547","NOL9",0.043978355848743,0,0.956021644151257
"548","NUP210",0.0322591706418938,0.33109450711691,0.636646322241196
"549","AP4M1",0.199005771013318,0.292144832761106,0.508849396225577
"550","HIST1H1C",0.0572425722625715,0.609606184329312,0.333151243408117
"551","CARD6",0.0367757063853163,0.449801017075865,0.513423276538819
"552","ST7-AS1",0.653753817009379,0.0887024847436984,0.257543698246923
"553","SLC38A10",0.254765042241595,0.141243082888269,0.603991874870136
"554","CIB1",0.11749592529698,0.332567569128783,0.549936505574237
"555","NOV",0.215160618779133,0.211970159782781,0.572869221438086
"556","LOC100129917",0.10120325328103,0.2319002518773,0.66689649484167
"557","KIAA2013",0.605607531882704,0.176923638608309,0.217468829508986
"558","PCDHGA3",0.293605966826543,0.122653285986608,0.583740747186849
"559","LY6K",0.169924588338722,0.559813103993086,0.270262307668192
"560","SPRED2",0.0564015342047976,0.181984661548747,0.761613804246456
"561","TCTA",0.2306502036709,0.10228194678357,0.667067849545529
"562","STOML1",0.311854872758927,0.213071497783401,0.475073629457672
"563","ZNF425",0.170315374358086,0.0472427667954373,0.782441858846477
"564","FAM111A",0.300010881890769,0.352342470358135,0.347646647751096
"565","PSTPIP1",0.164196024248768,0.576003182495192,0.259800793256039
"566","SMCO4",0.185602664988825,0.19184230711139,0.622555027899785
"567","ARNTL",0.354371791975984,0.00785893854827259,0.637769269475743
"568","EDC3",0.120583670953494,0.0596655324620891,0.819750796584417
"569","RAB24",0.379130233312349,0.249669181191778,0.371200585495874
"570","SLC6A9",0.187173251672119,0.080506105889421,0.73232064243846
"571","UBXN2B",0.141931333178248,0.221840109916812,0.636228556904939
"572","AADAC",0.249038907400467,0.549445216151724,0.201515876447809
"573","OR7E91P",0.225138208071437,0.157454277836964,0.617407514091599
"574","IGFBP7",0.108631918299581,0.372136468741259,0.519231612959159
"575","CAMTA1",0.440910346301998,0.0750855878214721,0.48400406587653
"576","ZNF594",0.323112122748883,0.0729993703591824,0.603888506891935
"577","RPTN",0.0477040559923944,0.237748641726781,0.714547302280825
"578","ZYX",0.186022490680689,0.400035603430571,0.41394190588874
"579","SYT17",0.151701267757805,0.260715792168751,0.587582940073445
"580","PIGP",0.150815491945229,0.265164436053678,0.584020072001093
"581","MUS81",0.360388548999519,0.183619763160891,0.455991687839589
"582","DPP6",0.191641071321362,0.670607470502882,0.137751458175756
"583","RAI1",0.217294897435077,0.2500800857605,0.532625016804424
"584","TRAPPC9",0.419588315979137,0.0126668611203055,0.567744822900558
"585","MST1R",0.179038431666832,0.235973752031856,0.584987816301312
"586","DPH2",0.105586320021863,0.0498939796472398,0.844519700330897
"587","HSD17B7",0.33273934255872,0.136158774631318,0.531101882809962
"588","NUAK1",0.306045576751932,0.272473796273115,0.421480626974953
"589","BIRC3",0.0601543373903213,0.438110559913694,0.501735102695985
