"","Symbol","subject","subject.inphase","subject.outphase","tissue","tissue.inphase","tissue.outphase","Residuals","ProbeName","EntrezID"
"1","PLVAP",0,0.00152567074620404,0.00871393203059778,0.956033841406747,0.00409150563626444,0.00238364459315798,0.027251405587029,"A_23_P56328","83483"
"2","TSHZ3",1.75053041852246e-06,9.6146236686585e-05,0.000800593046402835,0.963128827522787,0.000584165745524449,0.00351160167202465,0.0318769152461564,"A_23_P361014","57616"
"3","GIMAP1",3.88363581896297e-05,0.000984033960170471,0.00093284617697329,0.974740780838905,5.23216385531694e-05,0.00313769288355604,0.0201134881436526,"A_23_P427023","170575"
"4","AADACL2",0.000113631620289616,0.000139200919258566,1.10321842636333e-06,0.992960276577818,7.29945271998648e-05,0.00161577343459746,0.00509701970241011,"A_23_P91970","344752"
"5","TEK",0.000166979879210185,0.000732850977022127,7.08941388991963e-05,0.977434700158216,0.00280089252248391,0.000480396113987942,0.0183132862101804,"A_23_P374695","7010"
"6","CFTR",0.000488608920799076,0.0110546524985393,7.53704666451576e-05,0.912705616951982,0.00201944565265575,0.00642194433889261,0.0672343611704862,"A_23_P215720","1080"
"7","HES5",0.000697185281529077,0.000284573880580365,8.83476230270089e-05,0.992138413625873,0.00101068175973588,0.00154561110507101,0.00423518672418351,"A_32_P234184","388585"
"8","CYYR1",0.0007423432991166,0.000989406846947413,0.00225802523643965,0.961696697715777,0.00411793746895587,0.000380201029678382,0.0298153884030854,"A_24_P391230","116159"
"9","EMX2",0.00074823808822082,3.76542286604944e-05,0.000168839375104342,0.99060535545624,0.00114623922434964,0.000948774203561488,0.00634489942386301,"A_23_P44264","2018"
"10","ADAMTSL2",0.000758178643809948,0.00317118357625033,0.00517476780273671,0.248012729600734,0.000599175068246993,0.14008814777613,0.602195817532092,"A_23_P20697","9719"
"11","ADK",0.000776726076607895,0.00185611107422517,7.15577987617764e-05,0.975882430653611,0.000929015923160816,0.0107488573544375,0.00973530111919552,"A_23_P112596","132"
"12","JAM2",0.000840090429906887,9.11532205176758e-07,0.00370436886211468,0.979167591718162,5.64907933990236e-05,0.00289931236410403,0.0133312343001085,"A_32_P310335","58494"
"13","MCAM",0.000840717155385045,0.00113369359945008,0.000646465714124522,0.959880313816482,0.00109787809088435,0.00332434091445312,0.0330765907092207,"A_23_P162171","4162"
"14","PLEKHO2",0.00092919249152225,1.37299346936428e-06,0.00127248939293632,0.976675235785843,0.00555088090888137,0.00142427985962768,0.0141465485677201,"A_23_P129246","80301"
"15","TBC1D1",0.000964306931327037,0.000224752254105261,0.000102507364494394,0.983282675530785,0.00231840667034653,0.00417426284278698,0.00893308840615475,"A_23_P73023","23216"
"16","PDGFRA",0.00104313716127872,0.000819009443917697,0.00434027216307447,0.961064383821342,0.00372051190058638,0.00191149485807222,0.0271011906517281,"A_23_P300033","5156"
"17","CNRIP1",0.00107856405768084,8.78563716398662e-05,0.00231856266757719,0.973915870411007,0.00240974526060293,0.00233792719628631,0.0178514740352062,"A_23_P329353","25927"
"18","SSPN",0.00109669713448982,0.000309198837008995,4.45901760480262e-06,0.972161738343006,0.00525579889436909,0.00151004384302151,0.0196620639304995,"A_23_P203920","8082"
"19","EMX2OS",0.0010973706980891,0.000178749808618174,0.000867332140559439,0.96895310761001,0.0010572457552001,0.0134814362322494,0.0143647577552736,"A_24_P892472","196047"
"20","IL37",0.00125077673206587,6.4958122720867e-05,0.000316407869389742,0.954780320610915,0.000511560255075696,0.00395110215923791,0.0391248742505951,"A_23_P5654","27178"
"21","VWF",0.00129816565696149,0.000641240219227752,0.000855381816150215,0.982261983150198,2.53515666294492e-05,0.00330684579216577,0.011611031798667,"A_23_P105562","7450"
"22","TYRO3",0.00130088906141819,0.000362694895906703,3.88015455175525e-05,0.993978686375831,0.000230675506213934,0.00201633040725787,0.00207192220785441,"A_23_P54517","7301"
"23","DUOX2",0.0013098579428489,0.00281277237205343,0.000699413477244183,0.981067079312903,0.00156132810869149,0.00520871320654318,0.00734083557971594,"A_23_P151851","50506"
"24","TCAF2",0.00133977799058687,0.0255514502640588,0.0387244431781358,0.220943755391922,0.0148019773890373,0.185522216097581,0.513116379688678,"A_32_P214925","285966"
"25","C19orf73",0.00151724389724218,0.000276374633283803,0.000506074550568665,0.962344830383693,0.00182277271385928,0.0108544374278985,0.0226782663934544,"A_23_P153524","55150"
"26","ADRA1B",0.00154432283736566,8.77779894650997e-05,0.00627386739227203,0.930752747497464,0.0206616379574648,0.0080599686669848,0.0326196776589836,"A_23_P33326","147"
"27","CFH",0.00156212251904433,0.000103907271067863,0.000530515731079478,0.977121669123321,0.00526388424113499,0.000757712664599128,0.0146601884497531,"A_23_P114740","3075"
"28","FAM20A",0.00169553331125969,0.000939538502994647,5.68616006359829e-05,0.97700737401247,0.00497105307068877,3.60211587759592e-05,0.0152936183431747,"A_32_P108254","54757"
"29","ACTR3",0.00171008603045008,5.98629980987183e-05,0.000258352090279562,0.987878729831961,0.00100832478545335,0.005850352530159,0.00323429173359836,"A_23_P108785","10096"
"30","SOCS2",0.00179463016513088,4.06161620880298e-05,0.000269632641434905,0.98762596846596,0.000918887759744079,0.00149152716798809,0.00785873763765433,"A_23_P128215","8835"
"31","PCDHGA12",0.00182398543861053,0.00927136352160198,0.00197413420255459,0.758709845815693,0.00225519871101441,0.0948484511291512,0.131117021181374,"A_24_P34944","26025"
"32","AMIGO2",0.00188384694098222,0.000400358586706773,8.71028518151677e-05,0.980937578867144,4.10274752668504e-06,0.00311196600816608,0.0135750439976587,"A_23_P14083","347902"
"33","CHKA",0.00191169772981858,0.00224364447208124,0.000843646042217811,0.94287461115454,0.000749439878907986,0.0201792761506449,0.0311976845717898,"A_23_P124742","1119"
"34","MYH11",0.00195404808791788,0.00113606203979282,0.000392253455944024,0.983105383626929,0.00217026775121812,0.000168120363598301,0.0110738646745994,"A_24_P70183","4629"
"35","APOL2",0.00197855588363471,1.68087050603123e-05,0.000277161228252423,0.991869245698817,4.72693033430238e-05,0.00282496693554718,0.00298599224534579,"A_24_P48898","23780"
"36","ZBED3",0.00208483273205818,0.00150358791522444,0.000879576581566098,0.968442901707229,0.000255541392538511,0.00964820951226323,0.0171853501591201,"A_23_P93032","84327"
"37","GUCY1A1",0.0021081443396726,0.00229181715447492,0.000263707836515235,0.96746265560034,6.06596155743964e-07,0.00574470352303044,0.0221283649498108,"A_23_P69573","2982"
"38","CASP9",0.00211592468254515,0.00251881993980041,0.000588386732716326,0.954602801205491,4.14093053917948e-06,0.0133368497457699,0.0268330767631385,"A_23_P97309","842"
"39","CLIC5",0.00213589793628264,0.00137529347015168,0.000154567007080669,0.973978070192571,2.83071572362679e-05,0.00429074433952586,0.0180371198971522,"A_23_P416774","53405"
"40","ZNF239",0.00218445809203952,0.00454949368152069,0.00418722321676953,0.931686645590821,0.000102613572332027,0.0149117118015859,0.0423778540449315,"A_23_P86731","8187"
"41","CCM2L",0.00222789497745088,0.000631027898141215,0.000161263435782717,0.967432316812946,0.000671951269996714,0.0036765403681499,0.0251990052375323,"A_23_P91414","140706"
"42","TMTC1",0.00223253897329457,0.00125672923985412,0.000971368550251843,0.96727323930016,0.00148122874753832,0.00386953748199179,0.022915357706909,"A_23_P203957","83857"
"43","NR1I3",0.00224033694410691,0.00147398201729178,0.000146515562351774,0.966480005868243,0.00169923006561095,0.00569783198695225,0.0222620975554437,"A_23_P319572","9970"
"44","MYRIP",0.00225394095752724,0.00287248430943868,0.000570413340790725,0.965551907305615,0.000860062035686895,0.00682302165400672,0.0210681703969344,"A_23_P326760","25924"
"45","RCAN2",0.00228872140879456,0.00083562362442367,1.70665963334007e-05,0.961797498478076,0.00446298414200745,0.00420553506613762,0.0263925706842272,"A_32_P156851","10231"
"46","GPR20",0.00230560091924832,0.000983407201739105,0.00175708182903323,0.861840925488926,0.00880311514383016,0.0178090484269667,0.106500820990256,"A_23_P159237","2843"
"47","EVPLL",0.00235957268621731,0.00258070689240274,0.0030303876880621,0.97093285356573,5.10005459273211e-05,0.00708700079304833,0.0139584778286118,"A_32_P141682","645027"
"48","PNPLA1",0.00238367820315615,5.01100795688125e-05,3.47780308719609e-05,0.987263759990783,0.000243693581889253,0.00226622338034398,0.00775775673338688,"A_32_P526255","285848"
"49","HOXD10",0.00241213249671662,0.000674329578371082,0.000474030606415593,0.97172614845661,0.00282363515276501,0.00372020418042537,0.0181695195286964,"A_23_P381368","3236"
"50","CLEC3B",0.00241606098302821,0.000359595979255225,8.70873370162389e-05,0.9812738224239,0.00315540337888979,0.00205563576121575,0.0106523941366945,"A_23_P69497","7123"
